DELEVACQ Wallerand

Exercice 1 :
            Entrez trois float pour tester le plus petit :
            a : 1.5
            b : 6.4
            c : 4.5
            Le minimum est : 1.500000

Exercice 2 :

Exercice 3 :
            0123456789101112131415161718192021222324252627282930313233343536373839404142434445464748495051525354555657585960616263646566676869707172737475767778798081828384858687888990919293949596979899

Exercice 4 :
            0 1 2 3 0 5 0 7 0 0 0 11 0 13 0 0 0 17 0 19 0 0 0 23 0 0 0 0 0 29 0 31 0 0 0 0 0 37 0 0 0 41 0 43 0 0 0 47 0 0 0 0 0 53 0 0 0 0 0 59 0 61 0 0 0 0 0 67 0 0 0 71 0 73 0 0 0 0 0 79 0 0 0 83 0 0 0 0 0 89 0 0 0 0 0 0 0 97 0 0
